<?xml version="1.0" encoding="UTF-8"?>
<document version="1.5.0">
  <chunk label="Chunk 1" enabled="true">
    <sensors next_id="1">
      <sensor id="0" label="FC6310S (8.8mm)" type="frame">
        <resolution width="5472" height="3648"/>
        <property name="pixel_width" value="0.0024122807017543861"/>
        <property name="pixel_height" value="0.0024122807017543861"/>
        <property name="focal_length" value="8.8000000000000007"/>
        <property name="layer_index" value="0"/>
        <bands>
          <band label="Red"/>
          <band label="Green"/>
          <band label="Blue"/>
        </bands>
        <data_type>uint8</data_type>
        <calibration type="frame" class="adjusted">
          <resolution width="5472" height="3648"/>
          <f>3644.8219401210581</f>
          <cx>-13.81171037425074</cx>
          <cy>22.164172189769634</cy>
          <b1>-0.61937668668984402</b1>
          <b2>-0.50532234032120549</b2>
          <k1>0.0052755098274110228</k1>
          <k2>-0.013459942880539392</k2>
          <k3>0.012923677419045073</k3>
          <p1>-0.0014898893188115608</p1>
          <p2>0.0012481841199387864</p2>
        </calibration>
        <covariance>
          <params>f cx cy b1 b2 k1 k2 k3 p1 p2</params>
          <coeffs>4.6789950266587039e+02 5.2394894560209571e-01 6.5033241003121933e+00 -1.2408102920853487e-01 -5.3625176378078447e-02 1.6123139306380440e-03 -6.9386796228704190e-03 9.9874751812032772e-03 -1.9184907543591304e-04 1.6448212174266288e-04 5.2394894560209571e-01 5.0865823448996376e-03 7.1943832762110024e-03 2.2420022883823924e-04 -2.4015877151707982e-04 2.0878386638624628e-06 -8.0409977547935664e-06 1.1419999846400110e-05 -1.5275332598134337e-07 1.8417111732716358e-07 6.5033241003121933e+00 7.1943832762110024e-03 9.3896852305145120e-02 -1.6116287186449109e-03 -4.1221858896039955e-04 2.2236059450728003e-05 -9.6507005270688511e-05 1.3886023352423845e-04 -2.6713163221016493e-06 2.3188432915881477e-06 -1.2408102920853487e-01 2.2420022883823924e-04 -1.6116287186449109e-03 2.1348190108572409e-03 -2.1044028373657038e-05 -2.8183582545761409e-07 1.6783294323426478e-06 -2.4865204767055454e-06 5.5930740738969003e-08 -3.9809946462826558e-08 -5.3625176378078447e-02 -2.4015877151707982e-04 -4.1221858896039955e-04 -2.1044028373657038e-05 2.2810551411390398e-03 -1.7035708970498910e-07 8.1254772734649923e-07 -1.1675689456636299e-06 1.2490322626236027e-08 -1.3628982362841055e-08 1.6123139306380440e-03 2.0878386638624628e-06 2.2236059450728003e-05 -2.8183582545761409e-07 -1.7035708970498910e-07 2.3751514505052610e-08 -2.8584436085875373e-08 3.8911813160688597e-08 -6.8679706972104143e-10 7.1939032374445857e-10 -6.9386796228704190e-03 -8.0409977547935664e-06 -9.6507005270688511e-05 1.6783294323426478e-06 8.1254772734649923e-07 -2.8584436085875373e-08 1.1556215283438159e-07 -1.5958248845576389e-07 2.8477872369568264e-09 -2.4483482664347735e-09 9.9874751812032772e-03 1.1419999846400110e-05 1.3886023352423845e-04 -2.4865204767055454e-06 -1.1675689456636299e-06 3.8911813160688597e-08 -1.5958248845576389e-07 2.2394749310052611e-07 -4.0980816960857368e-09 3.5228793748846264e-09 -1.9184907543591304e-04 -1.5275332598134337e-07 -2.6713163221016493e-06 5.5930740738969003e-08 1.2490322626236027e-08 -6.8679706972104143e-10 2.8477872369568264e-09 -4.0980816960857368e-09 8.6202023200196535e-11 -6.7764412126808463e-11 1.6448212174266288e-04 1.8417111732716358e-07 2.3188432915881477e-06 -3.9809946462826558e-08 -1.3628982362841055e-08 7.1939032374445857e-10 -2.4483482664347735e-09 3.5228793748846264e-09 -6.7764412126808463e-11 6.3267247297996028e-11</coeffs>
        </covariance>
      </sensor>
    </sensors>
    <components next_id="1" active_id="0">
      <component id="0" label="Component 1">
        <transform>
          <rotation locked="true">3.9818413967095673e-01 7.5581446395337071e-01 5.1980177663545768e-01 -6.8781218463778271e-01 -1.2892495244830887e-01 7.1434778315607728e-01 6.0692980613766268e-01 -6.4196795302809306e-01 4.6852252635985375e-01</rotation>
          <translation locked="true">3.2987051765778945e+06 4.5332495048430748e+06 3.0335769284521770e+06</translation>
          <scale locked="true">1.5761295138144067e+01</scale>
        </transform>
        <region>
          <center>7.2403886374969950e-01 2.0953650630365330e+00 -4.7863225956553572e+00</center>
          <size>1.5559848108574231e+01 1.5289358008218409e+01 2.6600990635056339e+00</size>
          <R>-7.8796256181275703e-01 -6.1561558230659641e-01 -1.1508953157753070e-02 6.1565636399606694e-01 -7.8801474698802731e-01 -7.3312044260038273e-07 -9.0687734903356805e-03 -7.0861379259654174e-03 9.9993376980511828e-01</R>
        </region>
        <partition>
          <camera_ids>0 1 2 3 4 5 6 7 8 9 10 11 12 13 14 15 16 17 18 19 20 21 22 23 24 25 26 27 28 29 30 31 32 33 34 35 36 37 38</camera_ids>
        </partition>
      </component>
    </components>
    <cameras next_id="39" next_group_id="0">
      <camera id="0" sensor_id="0" component_id="0" label="DJI_0457">
        <transform>9.9988968033405312e-01 1.1804087291448816e-02 -9.0161346862828538e-03 3.8304481455249730e+00 1.1829389052403933e-02 -9.9992622644468032e-01 2.7581194224087779e-03 -2.4461580857492211e+00 -8.9829124515494550e-03 -2.8644705125479564e-03 -9.9995555005838654e-01 1.5442483099991844e-01 0 0 0 1</transform>
        <rotation_covariance>4.7033757332977593e-08 -3.8982976313496732e-08 -6.1066116542225870e-11 -3.8982976313496732e-08 4.5372322181951618e-08 2.1852342599782590e-10 -6.1066116542225935e-11 2.1852342599782590e-10 3.3112441789596643e-09</rotation_covariance>
        <location_covariance>1.5263871274780827e-06 -1.2888001542286254e-06 1.3335942920527906e-05 -1.2888001542286254e-06 1.8343066668870572e-06 -2.1398685677573826e-05 1.3335942920527906e-05 -2.1398685677573826e-05 8.8788276041591231e-04</location_covariance>
        <orientation>1</orientation>
        <reference x="789299.63267190137" y="3164962.9457625062" z="1190.8699999999999" rotation="0 -3.1805546814635168e-15 1.3790000000000001e+02" enabled="true" rotation_enabled="false"/>
      </camera>
      <camera id="1" sensor_id="0" component_id="0" label="DJI_0458">
        <transform>9.9992459873044903e-01 8.0114056468118706e-03 -9.3066768136053912e-03 3.8064971621227968e+00 8.0379025799467065e-03 -9.9996373840842212e-01 2.8131815383373726e-03 -1.4672990458260471e+00 -9.2838018002300866e-03 -2.8877755824486817e-03 -9.9995273477115876e-01 1.6674991638101580e-01 0 0 0 1</transform>
        <rotation_covariance>2.8878921924581846e-08 -2.9294233549122131e-08 -4.9846901796190371e-11 -2.9294233549122135e-08 4.5164095528802213e-08 1.8487344012662463e-10 -4.9846901796190422e-11 1.8487344012662463e-10 3.2777566678113665e-09</rotation_covariance>
        <location_covariance>1.5070507738436967e-06 -1.0456840156558273e-06 1.4088604493269202e-05 -1.0456840156558273e-06 1.3341527084618369e-06 -2.1034241752499257e-05 1.4088604493269202e-05 -2.1034241752499257e-05 8.9366951393237142e-04</location_covariance>
        <orientation>1</orientation>
        <reference x="789289.58676107391" y="3164951.2591834436" z="1190.8699999999999" rotation="6.3611093629270335e-15 3.1805546814635168e-15 1.3790000000000001e+02" enabled="true" rotation_enabled="false"/>
      </camera>
      <camera id="2" sensor_id="0" component_id="0" label="DJI_0459">
        <transform>9.9990157716700501e-01 1.0381369007950959e-02 -9.4373278239506427e-03 3.7846679050740217e+00 1.0398387147870397e-02 -9.9994439345355068e-01 1.7560027144180590e-03 -4.9055436721666545e-01 -9.4185733345853086e-03 -1.8539628720106172e-03 -9.9995392558757934e-01 1.8475401233265101e-01 0 0 0 1</transform>
        <rotation_covariance>1.6390003651058803e-08 -1.9661129685321306e-08 -2.0599109005319038e-11 -1.9661129685321303e-08 4.4663814773895824e-08 1.9578224752975353e-10 -2.0599109005319051e-11 1.9578224752975353e-10 3.2678115060222824e-09</rotation_covariance>
        <location_covariance>1.4920644827711974e-06 -7.7181062522217861e-07 1.4520542236481711e-05 -7.7181062522217861e-07 9.0773638497774925e-07 -1.8779957777504612e-05 1.4520542236481711e-05 -1.8779957777504612e-05 9.0141400798428642e-04</location_covariance>
        <orientation>1</orientation>
        <reference x="789279.53935363563" y="3164939.473848111" z="1190.8699999999999" rotation="6.3611093629270335e-15 6.3611093629270335e-15 1.3810000000000005e+02" enabled="true" rotation_enabled="false"/>
      </camera>
      <camera id="3" sensor_id="0" component_id="0" label="DJI_0460">
        <transform>9.9991441819047910e-01 9.1831114800877342e-03 -9.3180876976089889e-03 3.7646743770797109e+00 9.2082141374489387e-03 -9.9995407974972073e-01 2.6546533272830686e-03 4.9764062827743433e-01 -9.2932818312443655e-03 -2.7402290841185006e-03 -9.9995306192709421e-01 2.0017445319644639e-01 0 0 0 1</transform>
        <rotation_covariance>9.6039559215334870e-09 -1.0203937723507720e-08 3.0473156282141741e-11 -1.0203937723507722e-08 4.4362939145187431e-08 1.3136697420200508e-10 3.0473156282141748e-11 1.3136697420200503e-10 3.2649161918919694e-09</rotation_covariance>
        <location_covariance>1.4675696486926652e-06 -5.3914492902324278e-07 1.4354864215719509e-05 -5.3914492902324278e-07 7.6953350006957335e-07 -1.9922930785693177e-05 1.4354864215719509e-05 -1.9922930785693177e-05 9.0802300295890980e-04</location_covariance>
        <orientation>1</orientation>
        <reference x="789269.34482942056" y="3164927.6970906649" z="1190.97" rotation="-7.4314516333112535e-02 6.6913041874643489e-02 1.3800004339422247e+02" enabled="true" rotation_enabled="false"/>
      </camera>
      <camera id="4" sensor_id="0" component_id="0" label="DJI_0461">
        <transform>9.9992940424219778e-01 7.9833732949888062e-03 -8.8006978516400325e-03 3.7432886602378206e+00 7.9946363586406513e-03 -9.9996726690395832e-01 1.2453554194586380e-03 1.4752640940076220e+00 -8.7904676403535460e-03 -1.3156258816751643e-03 -9.9996049762338279e-01 2.1254897501123593e-01 0 0 0 1</transform>
        <rotation_covariance>7.4149382537967035e-09 -6.5393847023378898e-10 5.9439696495920002e-11 -6.5393847023378908e-10 4.3869555487289169e-08 1.4915239147297090e-10 5.9439696495920028e-11 1.4915239147297093e-10 3.2687358044566141e-09</rotation_covariance>
        <location_covariance>1.4265843422381740e-06 -2.3593913604004475e-07 1.3470128800158452e-05 -2.3593913604004475e-07 5.9855616849149182e-07 -1.6688866277031943e-05 1.3470128800158452e-05 -1.6688866277031943e-05 9.1339012368362186e-04</location_covariance>
        <orientation>1</orientation>
        <reference x="789259.67808538419" y="3164916.3959769956" z="1190.8699999999999" rotation="-3.1805546814635160e-15 -3.1805546814635168e-15 1.3780000000000001e+02" enabled="true" rotation_enabled="false"/>
      </camera>
      <camera id="5" sensor_id="0" component_id="0" label="DJI_0462">
        <transform>9.9987534858676774e-01 1.3435022581571785e-02 -8.2938203936876419e-03 3.7209396142568654e+00 1.3444964250414785e-02 -9.9990895785127931e-01 1.1440913742806202e-03 2.4550680534843239e+00 -8.2776944130090579e-03 -1.2554588803665168e-03 -9.9996495118489270e-01 2.3371563355624755e-01 0 0 0 1</transform>
        <rotation_covariance>1.0571926046696614e-08 8.4362069262624766e-09 8.8926363111368726e-11 8.4362069262624782e-09 4.3438395129480366e-08 1.3777996707271461e-10 8.8926363111368726e-11 1.3777996707271466e-10 3.2695797281460794e-09</rotation_covariance>
        <location_covariance>1.4004113836777368e-06 2.9489979372083046e-08 1.2714972088590235e-05 2.9489979372083046e-08 6.6075013600257969e-07 -1.5718755080688880e-05 1.2714972088590235e-05 -1.5718755080688880e-05 9.2150902540974575e-04</location_covariance>
        <orientation>1</orientation>
        <reference x="789249.5542127993" y="3164904.6908750883" z="1190.97" rotation="0 0 1.3780000000000004e+02" enabled="true" rotation_enabled="false"/>
      </camera>
      <camera id="6" sensor_id="0" component_id="0" label="DJI_0463">
        <transform>9.9973387391621427e-01 2.1733855046640906e-02 -7.7343965045398033e-03 3.7008854212029161e+00 2.1745525712676624e-02 -9.9976251821121087e-01 1.4280376245537352e-03 3.4449221932746088e+00 -7.7015229634895032e-03 -1.5958461045549321e-03 -9.9996906943127672e-01 2.4478253036388947e-01 0 0 0 1</transform>
        <rotation_covariance>1.8844569123536807e-08 1.7472018967552456e-08 1.1818648635237882e-10 1.7472018967552449e-08 4.3461162302875616e-08 1.1992834233650078e-10 1.1818648635237879e-10 1.1992834233650075e-10 3.2750351113693059e-09</rotation_covariance>
        <location_covariance>1.3791790835581012e-06 2.8457065884045025e-07 1.1831824558895440e-05 2.8457065884045025e-07 8.9682347988341754e-07 -1.5482462528763057e-05 1.1831824558895440e-05 -1.5482462528763057e-05 9.2564302422323027e-04</location_covariance>
        <orientation>1</orientation>
        <reference x="789239.15157460247" y="3164892.5362740285" z="1191.0699999999999" rotation="0 0 1.3790000000000001e+02" enabled="true" rotation_enabled="false"/>
      </camera>
      <camera id="7" sensor_id="0" component_id="0" label="DJI_0464">
        <transform>9.9940857117852455e-01 3.3629331572960539e-02 -7.1816371987320372e-03 3.6928226189114355e+00 3.3640154567889241e-02 -9.9943304105771180e-01 1.3915612749983430e-03 4.4288906462141542e+00 -7.1307682297809356e-03 -1.6323296509693774e-03 -9.9997324346422589e-01 2.3131401070759786e-01 0 0 0 1</transform>
        <rotation_covariance>3.1669750142666446e-08 2.6762632994024101e-08 1.4872850399998240e-10 2.6762632994024101e-08 4.4296765159966186e-08 1.1799438783872154e-10 1.4872850399998242e-10 1.1799438783872149e-10 3.2780689991249191e-09</rotation_covariance>
        <location_covariance>1.3628234071174568e-06 5.3942694892316946e-07 1.0864798709650201e-05 5.3942694892316946e-07 1.2502619178182647e-06 -1.4739764232703819e-05 1.0864798709650201e-05 -1.4739764232703819e-05 9.2068012881283703e-04</location_covariance>
        <orientation>1</orientation>
        <reference x="789228.98889030749" y="3164880.8546408815" z="1190.97" rotation="3.1805546814635168e-15 -9.5416640443905503e-15 1.3800000000000000e+02" enabled="true" rotation_enabled="false"/>
      </camera>
      <camera id="8" sensor_id="0" component_id="0" label="DJI_0465">
        <transform>9.9911818052456103e-01 4.1393465834877519e-02 -7.0315241212923971e-03 3.6755953469647147e+00 4.1401592671517037e-02 -9.9914207183406156e-01 1.0141081805530028e-03 5.4184201970133046e+00 -6.9835141263746726e-03 -1.3043302177387084e-03 -9.9997476430814480e-01 2.2705402601772956e-01 0 0 0 1</transform>
        <rotation_covariance>4.9744729297776255e-08 3.6446292808307555e-08 1.8520439305035032e-10 3.6446292808307549e-08 4.5092593181281500e-08 1.3044483482090929e-10 1.8520439305035037e-10 1.3044483482090935e-10 3.2890140308630968e-09</rotation_covariance>
        <location_covariance>1.3652635663447645e-06 7.8585150526694065e-07 1.0517431993918557e-05 7.8585150526694065e-07 1.7333052647726182e-06 -1.3519022606615373e-05 1.0517431993918557e-05 -1.3519022606615373e-05 9.1890978324955829e-04</location_covariance>
        <orientation>1</orientation>
        <reference x="789218.89932389348" y="3164869.1060472126" z="1190.8699999999999" rotation="0 -3.1805546814635168e-15 1.3780000000000004e+02" enabled="true" rotation_enabled="false"/>
      </camera>
      <camera id="9" sensor_id="0" component_id="0" label="DJI_0466">
        <transform>9.9842313549496886e-01 5.5692953661120363e-02 -7.0382825245428413e-03 3.6563210716565298e+00 5.5698946544672556e-02 -9.9844739177347119e-01 6.5819037187350715e-04 6.3993862584074472e+00 -6.9906982633136600e-03 -1.0491774169393425e-03 -9.9997501437012870e-01 2.3905849018423564e-01 0 0 0 1</transform>
        <rotation_covariance>7.1803702392274686e-08 4.6504550835571871e-08 2.1364587801198372e-10 4.6504550835571884e-08 4.6895204249020238e-08 1.0402704122761037e-10 2.1364587801198377e-10 1.0402704122761047e-10 3.3119816021209896e-09</rotation_covariance>
        <location_covariance>1.3920368800482084e-06 1.0221965817526975e-06 1.0555414514240313e-05 1.0221965817526975e-06 2.3645008237651258e-06 -1.2590080737215173e-05 1.0555414514240313e-05 -1.2590080737215173e-05 9.2276478380205090e-04</location_covariance>
        <orientation>1</orientation>
        <reference x="789209.12978547113" y="3164857.7602923056" z="1190.8699999999999" rotation="-1.2722218725854067e-14 0 1.3790000000000001e+02" enabled="true" rotation_enabled="false"/>
      </camera>
      <camera id="10" sensor_id="0" component_id="0" label="DJI_0513">
        <transform>-9.9564887704866512e-01 -9.2951536461100992e-02 -6.5822109699207512e-03 1.7831654141516498e+00 -9.3032436916115624e-02 9.9557438849538371e-01 1.3289193109140340e-02 6.3966141041146640e+00 5.3178297435035890e-03 1.3843729322826182e-02 -9.9989002987591369e-01 2.2506942755556686e-01 0 0 0 1</transform>
        <rotation_covariance>7.6791225475151561e-08 2.4588698018688613e-08 2.0408751282168651e-10 2.4588698018688610e-08 2.0825002260627982e-08 1.9547434672833140e-10 2.0408751282168648e-10 1.9547434672833133e-10 3.2853552362215686e-09</rotation_covariance>
        <location_covariance>6.1955224828647815e-07 4.3807966354591365e-07 4.9479912963931881e-06 4.3807966354591365e-07 2.2465359429591108e-06 -1.0280745189656775e-05 4.9479912963931881e-06 -1.0280745189656775e-05 9.1463421754883832e-04</location_covariance>
        <orientation>1</orientation>
        <reference x="789231.05076731346" y="3164838.1487612841" z="1191.1700000000001" rotation="6.3611093629270335e-15 9.5416640443905503e-15 -4.2300000000000004e+01" enabled="true" rotation_enabled="false"/>
      </camera>
      <camera id="11" sensor_id="0" component_id="0" label="DJI_0514">
        <transform>-9.9588070392493067e-01 -9.0446760347004662e-02 -6.4036780616143407e-03 1.7961327262686912e+00 -9.0530140639330611e-02 9.9579223910996162e-01 1.4216545438066521e-02 5.4131648852911196e+00 5.0908924373151776e-03 1.4737709153769381e-02 -9.9987843398239684e-01 2.0772988685214214e-01 0 0 0 1</transform>
        <rotation_covariance>5.5224948191580479e-08 1.8605846606038464e-08 1.6360051705231782e-10 1.8605846606038464e-08 1.9893320936367356e-08 1.8616284842072200e-10 1.6360051705231779e-10 1.8616284842072202e-10 3.2696816490939787e-09</rotation_covariance>
        <location_covariance>5.8822996410405238e-07 3.3188528840950824e-07 4.6988972521062279e-06 3.3188528840950824e-07 1.6418360154570649e-06 -1.2193518317123291e-05 4.6988972521062279e-06 -1.2193518317123291e-05 9.0887822611244280e-04</location_covariance>
        <orientation>1</orientation>
        <reference x="789241.29640258837" y="3164849.8435346605" z="1190.77" rotation="7.3373020843565659e-02 -6.7944111855454653e-02 -4.2799956495347097e+01" enabled="true" rotation_enabled="false"/>
      </camera>
      <camera id="12" sensor_id="0" component_id="0" label="DJI_0515">
        <transform>-9.9501660513092927e-01 -9.9514651085182926e-02 -6.2281404218610965e-03 1.8044443660992728e+00 -9.9591483606192133e-02 9.9493596321173827e-01 1.3563388258350514e-02 4.4303573046932199e+00 4.8468450395797178e-03 1.4116066283617494e-02 -9.9988861617974167e-01 2.0976199726050626e-01 0 0 0 1</transform>
        <rotation_covariance>3.6883744345118690e-08 1.3146670101790655e-08 1.0572425609078204e-10 1.3146670101790658e-08 1.9334046757210924e-08 1.6767784679662879e-10 1.0572425609078219e-10 1.6767784679662887e-10 3.2596644765231456e-09</rotation_covariance>
        <location_covariance>5.6561793270565676e-07 2.3954440046220498e-07 4.3549556947241058e-06 2.3954440046220498e-07 1.1162568018949415e-06 -1.1601664909840543e-05 4.3549556947241058e-06 -1.1601664909840543e-05 9.0995133274127755e-04</location_covariance>
        <orientation>1</orientation>
        <reference x="789251.22923087154" y="3164861.1190288756" z="1190.8699999999999" rotation="-9.5416640443905503e-15 -3.1805546814635168e-15 -4.2700000000000003e+01" enabled="true" rotation_enabled="false"/>
      </camera>
      <camera id="13" sensor_id="0" component_id="0" label="DJI_0516">
        <transform>-9.9323867531789722e-01 -1.1590280428281972e-01 -6.5934673827139877e-03 1.8171606859712888e+00 -1.1598518299235597e-01 9.9315361002086722e-01 1.3904827533876875e-02 3.4451112549603597e+00 4.9367174294519481e-03 1.4575557001209848e-02 -9.9988158396838478e-01 2.0334910846096640e-01 0 0 0 1</transform>
        <rotation_covariance>2.4790750205356266e-08 7.7760420969693722e-09 6.2962328760982131e-11 7.7760420969693705e-09 1.8740791832824534e-08 1.6904307898839224e-10 6.2962328760982118e-11 1.6904307898839230e-10 3.2546138827654634e-09</rotation_covariance>
        <location_covariance>5.5631687726681897e-07 1.2496603193731100e-07 4.8028162364305697e-06 1.2496603193731100e-07 7.7714652613182219e-07 -1.2877993001112241e-05 4.8028162364305697e-06 -1.2877993001112241e-05 9.0773746826817688e-04</location_covariance>
        <orientation>1</orientation>
        <reference x="789261.49844906386" y="3164872.8088607402" z="1190.6700000000001" rotation="7.4314516333112576e-02 -6.6913041874637133e-02 -4.1999956605777520e+01" enabled="true" rotation_enabled="false"/>
      </camera>
      <camera id="14" sensor_id="0" component_id="0" label="DJI_0517">
        <transform>-9.9279587383859536e-01 -1.1958431375579773e-01 -7.4796251653628174e-03 1.8451986542656567e+00 -1.1968050476713403e-01 9.9271226427276793e-01 1.4104507829672319e-02 2.4650402939950724e+00 5.7384377441442539e-03 1.4898062491082831e-02 -9.9987255091149918e-01 2.1427929939651885e-01 0 0 0 1</transform>
        <rotation_covariance>1.8181190168872191e-08 2.3963847749258054e-09 1.1972759279802251e-11 2.3963847749258054e-09 1.7859352176353257e-08 1.6566639980265352e-10 1.1972759279802277e-11 1.6566639980265344e-10 3.2508273323433629e-09</rotation_covariance>
        <location_covariance>5.7151892064305563e-07 -6.5027820838647325e-09 6.3123174570757203e-06 -6.5027820838647325e-09 5.7744798118862435e-07 -1.4083238543803880e-05 6.3123174570757203e-06 -1.4083238543803880e-05 9.1147347687932975e-04</location_covariance>
        <orientation>1</orientation>
        <reference x="789271.4454290173" y="3164884.5007245135" z="1191.0699999999999" rotation="7.4197617960579124e-02 -6.7042643157384813e-02 -4.2099956590121202e+01" enabled="true" rotation_enabled="false"/>
      </camera>
      <camera id="15" sensor_id="0" component_id="0" label="DJI_0518">
        <transform>-9.9317414694082129e-01 -1.1639994332551785e-01 -7.4944674385670311e-03 1.8694155458638140e+00 -1.1649561231828207e-01 9.9309350503621752e-01 1.3930634065537441e-02 1.4975680620666967e+00 5.8211819212292499e-03 1.4708618177640197e-02 -9.9987487736833580e-01 1.9745317896580855e-01 0 0 0 1</transform>
        <rotation_covariance>1.6217570238440018e-08 -2.1021191544294313e-09 -4.9741639329558964e-11 -2.1021191544294305e-09 1.7101167025749999e-08 1.5374973634314237e-10 -4.9741639329558977e-11 1.5374973634314240e-10 3.2481788314170702e-09</rotation_covariance>
        <location_covariance>5.7357056697201928e-07 -1.1556183723194337e-07 6.3344075285797535e-06 -1.1556183723194337e-07 4.9210864179055599e-07 -1.4526171496164943e-05 6.3344075285797535e-06 -1.4526171496164943e-05 9.0498563699950812e-04</location_covariance>
        <orientation>1</orientation>
        <reference x="789281.41982537159" y="3164896.1522314707" z="1191.0699999999999" rotation="3.1805546814635168e-15 -3.1805546814635168e-15 -4.2500000000000000e+01" enabled="true" rotation_enabled="false"/>
      </camera>
      <camera id="16" sensor_id="0" component_id="0" label="DJI_0519">
        <transform>-9.9300086970150603e-01 -1.1780112282857373e-01 -8.4951887783431025e-03 1.8850377750646077e+00 -1.1791348786516162e-01 9.9292192169827831e-01 1.4229082558965045e-02 5.0799672237223126e-01 6.7588572647155317e-03 1.5131188695034270e-02 -9.9986267305923104e-01 1.8384023359596149e-01 0 0 0 1</transform>
        <rotation_covariance>1.9962445768283189e-08 -6.8151781220550900e-09 -1.0255580638541535e-10 -6.8151781220550900e-09 1.6196117212119747e-08 1.4000351465776227e-10 -1.0255580638541535e-10 1.4000351465776219e-10 3.2455610606400606e-09</rotation_covariance>
        <location_covariance>6.0375553622411338e-07 -2.6587315232734381e-07 8.0457372601406193e-06 -2.6587315232734381e-07 5.7344429683499613e-07 -1.5751096031469491e-05 8.0457372601406193e-06 -1.5751096031469491e-05 8.9930324252964627e-04</location_covariance>
        <orientation>1</orientation>
        <reference x="789291.59389707842" y="3164907.806465528" z="1190.77" rotation="-6.3611093629270320e-15 3.1805546814635168e-15 -4.2699999999999989e+01" enabled="true" rotation_enabled="false"/>
      </camera>
      <camera id="17" sensor_id="0" component_id="0" label="DJI_0520">
        <transform>-9.9081354649177378e-01 -1.3497100135093620e-01 -8.4465900053820250e-03 1.8971373910888072e+00 -1.3508184312406790e-01 9.9073092509066341e-01 1.4322350617196083e-02 -4.8037942707939618e-01 6.4351959253915346e-03 1.5331759955163088e-02 -9.9986175313894221e-01 2.0478780695694868e-01 0 0 0 1</transform>
        <rotation_covariance>2.8995378289181883e-08 -1.0120589584577694e-08 -1.5117612221502404e-10 -1.0120589584577694e-08 1.4964889168304679e-08 1.2706614378909816e-10 -1.5117612221502404e-10 1.2706614378909811e-10 3.2433918219944770e-09</rotation_covariance>
        <location_covariance>6.1442499849802408e-07 -3.8525355806766340e-07 7.7666838055304401e-06 -3.8525355806766340e-07 7.9835666111806291e-07 -1.6883415204832224e-05 7.7666838055304401e-06 -1.6883415204832224e-05 9.0566329965999660e-04</location_covariance>
        <orientation>1</orientation>
        <reference x="789301.9353135433" y="3164919.5036733574" z="1190.77" rotation="7.4314516333118891e-02 -6.6913041874633955e-02 -4.1999956605777520e+01" enabled="true" rotation_enabled="false"/>
      </camera>
      <camera id="18" sensor_id="0" component_id="0" label="DJI_0521">
        <transform>-9.9014111641728419e-01 -1.3979999024034620e-01 -8.7482746146327860e-03 1.9269827679570535e+00 -1.3991865418077065e-01 9.9005143330057166e-01 1.4863701817743255e-02 -1.4878689268158931e+00 6.5832964520682637e-03 1.5941209122397229e-02 -9.9985125796767393e-01 2.3440831962985781e-01 0 0 0 1</transform>
        <rotation_covariance>4.4145934404901756e-08 -1.3065338533453571e-08 -2.0387183028704173e-10 -1.3065338533453571e-08 1.4072136804428641e-08 1.1335990218812921e-10 -2.0387183028704175e-10 1.1335990218812919e-10 3.2479410013971062e-09</rotation_covariance>
        <location_covariance>6.5208104249962198e-07 -5.3644392936563444e-07 8.2769242155906739e-06 -5.3644392936563444e-07 1.2186211475574843e-06 -1.8835429089226246e-05 8.2769242155906739e-06 -1.8835429089226246e-05 9.1485121754980700e-04</location_covariance>
        <orientation>1</orientation>
        <reference x="789312.39618744073" y="3164931.8738799952" z="1190.8699999999999" rotation="7.4431188330377651e-02 -6.6783236763425680e-02 -4.1899956621962595e+01" enabled="true" rotation_enabled="false"/>
      </camera>
      <camera id="19" sensor_id="0" component_id="0" label="DJI_0522">
        <transform>-9.8991439693657512e-01 -1.4136221897917722e-01 -9.2849223464763209e-03 1.9556685590351137e+00 -1.4149242747203622e-01 9.8982104175971164e-01 1.5303537427324321e-02 -2.4579387730251838e+00 7.0270695006897609e-03 1.6462938225058399e-02 -9.9983978314489474e-01 2.2697379457356934e-01 0 0 0 1</transform>
        <rotation_covariance>6.3984433465182509e-08 -1.5502492341982942e-08 -2.4894490468894561e-10 -1.5502492341982938e-08 1.3351371198213243e-08 9.2970942441276537e-11 -2.4894490468894556e-10 9.2970942441276537e-11 3.2603719659353415e-09</rotation_covariance>
        <location_covariance>6.9702089548681201e-07 -6.9031918408675291e-07 9.1227173284964902e-06 -6.9031918408675291e-07 1.7591493711657890e-06 -2.0273246584770859e-05 9.1227173284964902e-06 -2.0273246584770859e-05 9.1051441387567913e-04</location_covariance>
        <orientation>1</orientation>
        <reference x="789322.32052756054" y="3164943.5663485387" z="1191.0699999999999" rotation="3.1805546814635168e-15 0 -4.2000000000000000e+01" enabled="true" rotation_enabled="false"/>
      </camera>
      <camera id="20" sensor_id="0" component_id="0" label="DJI_0537">
        <transform>9.9995926371289978e-01 7.0440379022249202e-03 -5.6437970186338018e-03 5.0428291816268241e-02 7.0522734314862586e-03 -9.9997409465105480e-01 1.4406478580144544e-03 -1.9948288068192577e+00 -5.6335028359870446e-03 -1.4803907711370412e-03 -9.9998303590059046e-01 1.1771838452583604e-01 0 0 0 1</transform>
        <rotation_covariance>3.6674849824009630e-08 -1.8539927151666792e-10 2.1040479991826414e-10 -1.8539927151666805e-10 1.0147366124323975e-08 5.4595793971356738e-11 2.1040479991826414e-10 5.4595793971356725e-11 3.2553912701402860e-09</rotation_covariance>
        <location_covariance>4.0568392159883218e-07 -1.0272213598396063e-07 4.8971983224993657e-06 -1.0272213598396063e-07 1.4145989506644281e-06 -1.8903879566685777e-05 4.8971983224993657e-06 -1.8903879566685777e-05 8.6865553936024676e-04</location_covariance>
        <orientation>1</orientation>
        <reference x="789339.59068377584" y="3164917.7176702195" z="1190.97" rotation="0 0 1.3760000000000005e+02" enabled="true" rotation_enabled="false"/>
      </camera>
      <camera id="21" sensor_id="0" component_id="0" label="DJI_0538">
        <transform>9.9996805359634600e-01 6.4720586305344347e-03 -4.6908681305587382e-03 3.4442519574085173e-02 6.4781572638968289e-03 -9.9997818949866490e-01 1.2860814269345378e-03 -1.0000863909799600e+00 -4.6824422259743514e-03 -1.3164285227121320e-03 -9.9998817080540769e-01 1.2192271759863771e-01 0 0 0 1</transform>
        <rotation_covariance>2.1330122896130208e-08 -5.1456285688206185e-10 1.6742041635729972e-10 -5.1456285688206174e-10 1.0217988760009492e-08 4.5563796661976879e-11 1.6742041635729974e-10 4.5563796661976879e-11 3.2446553850296940e-09</rotation_covariance>
        <location_covariance>3.7109598113186594e-07 -7.7413896540768651e-08 3.3103613050705335e-06 -7.7413896540768651e-08 9.7332647048018144e-07 -1.7938089114880629e-05 3.3103613050705335e-06 -1.7938089114880629e-05 8.7168789892759166e-04</location_covariance>
        <orientation>1</orientation>
        <reference x="789329.32932808448" y="3164906.0312789758" z="1190.97" rotation="-7.4197617960588658e-02 6.7042643157394374e-02 1.3790004340987878e+02" enabled="true" rotation_enabled="false"/>
      </camera>
      <camera id="22" sensor_id="0" component_id="0" label="DJI_0539">
        <transform>9.9999168093824342e-01 3.2951330593817022e-04 -4.0656457406072211e-03 1.2760046833408405e-02 3.2821833918317316e-04 -9.9999989519921328e-01 -3.1917751156157470e-04 -1.8378246231158184e-02 -4.0657504877613659e-03 3.1784043681121199e-04 -9.9999168429063823e-01 1.1866094093827877e-01 0 0 0 1</transform>
        <rotation_covariance>1.1480576855461836e-08 -1.0317991929218174e-09 1.0971225114267506e-10 -1.0317991929218172e-09 1.0335337588570379e-08 5.0507472183649699e-11 1.0971225114267501e-10 5.0507472183649712e-11 3.2434197066738477e-09</rotation_covariance>
        <location_covariance>3.5155073621552252e-07 -5.8180114974870077e-08 2.2220023559170930e-06 -5.8180114974870077e-08 6.0144808692461060e-07 -1.4490681447991582e-05 2.2220023559170930e-06 -1.4490681447991582e-05 8.7183540829708207e-04</location_covariance>
        <orientation>1</orientation>
        <reference x="789319.26857126143" y="3164894.3498573285" z="1190.97" rotation="-7.4080493568886560e-02 6.7172040216870232e-02 1.3780004342500618e+02" enabled="true" rotation_enabled="false"/>
      </camera>
      <camera id="23" sensor_id="0" component_id="0" label="DJI_0540">
        <transform>9.9999080856580869e-01 2.0136335300444618e-03 -3.7852429125763950e-03 -1.0298789772364371e-02 2.0090902226320255e-03 -9.9999725734218670e-01 -1.2036879086756436e-03 9.7383784078866598e-01 -3.7876563172829641e-03 1.1960719505314521e-03 -9.9999211150464151e-01 1.1592276450391059e-01 0 0 0 1</transform>
        <rotation_covariance>7.0231944027761250e-09 -1.5957520707168340e-09 5.8663033050570224e-11 -1.5957520707168342e-09 1.0395148064345484e-08 5.4639046826991612e-11 5.8663033050570224e-11 5.4639046826991605e-11 3.2437558392521932e-09</rotation_covariance>
        <location_covariance>3.4346974522026607e-07 -5.9534075352716103e-08 1.7917378661922175e-06 -5.9534075352716103e-08 4.2214095259689375e-07 -1.2252621541637033e-05 1.7917378661922175e-06 -1.2252621541637033e-05 8.7183843774699533e-04</location_covariance>
        <orientation>1</orientation>
        <reference x="789309.26355637866" y="3164882.6309978873" z="1190.77" rotation="-3.1805546814635168e-15 -3.1805546814635168e-15 1.3790000000000001e+02" enabled="true" rotation_enabled="false"/>
      </camera>
      <camera id="24" sensor_id="0" component_id="0" label="DJI_0541">
        <transform>9.9990277888470747e-01 1.3501045803113520e-02 -3.4863363093650904e-03 -3.6631303488038169e-02 1.3496426717704327e-02 -9.9990801441293731e-01 -1.3450571106404519e-03 1.9538370021906195e+00 -3.5041752943315357e-03 1.2978732601753862e-03 -9.9999301811588015e-01 1.4281612951464825e-01 0 0 0 1</transform>
        <rotation_covariance>7.9703688606724899e-09 -2.2536889316677139e-09 2.5380810410537004e-11 -2.2536889316677139e-09 1.0450894604788196e-08 5.4964788570719126e-11 2.5380810410536998e-11 5.4964788570719126e-11 3.2463165895241188e-09</rotation_covariance>
        <location_covariance>3.4582959024538228e-07 -6.8821899726069069e-08 1.3756084389301253e-06 -6.8821899726069069e-08 4.2419636129601846e-07 -1.1360968802314096e-05 1.3756084389301253e-06 -1.1360968802314096e-05 8.8194215172663216e-04</location_covariance>
        <orientation>1</orientation>
        <reference x="789299.244972546" y="3164870.8263956718" z="1190.8699999999999" rotation="-3.1805546814635168e-15 0 1.3850000000000003e+02" enabled="true" rotation_enabled="false"/>
      </camera>
      <camera id="25" sensor_id="0" component_id="0" label="DJI_0542">
        <transform>9.9982080371393955e-01 1.8565406012150100e-02 -3.6994811009566195e-03 -5.4433827450950913e-02 1.8562379195541309e-02 -9.9982734217031799e-01 -8.5083913823358456e-04 2.9370061921952244e+00 -3.7146385306311125e-03 7.8201549999694960e-04 -9.9999279493021587e-01 1.6443075073027899e-01 0 0 0 1</transform>
        <rotation_covariance>1.4144903357499856e-08 -2.8702802083699472e-09 6.0600281875956768e-12 -2.8702802083699472e-09 1.0407217508630687e-08 4.5171400127514096e-11 6.0600281875956776e-12 4.5171400127514096e-11 3.2514320383286822e-09</rotation_covariance>
        <location_covariance>3.5699304081937318e-07 -9.4198932424666467e-08 1.7892947049539145e-06 -9.4198932424666467e-08 5.9105673518385635e-07 -1.1438492369110719e-05 1.7892947049539145e-06 -1.1438492369110719e-05 8.8991366268573722e-04</location_covariance>
        <orientation>1</orientation>
        <reference x="789289.16644414584" y="3164859.0691333679" z="1190.97" rotation="3.1805546814635168e-15 -6.3611093629270335e-15 1.3850000000000000e+02" enabled="true" rotation_enabled="false"/>
      </camera>
      <camera id="26" sensor_id="0" component_id="0" label="DJI_0543">
        <transform>9.9991181167270660e-01 1.2476559405252777e-02 -4.5502025023470430e-03 -7.2104785683343650e-02 1.2476699387299586e-02 -9.9992216295406933e-01 2.3782073864593102e-06 3.9198094722522892e+00 -4.5498186561801360e-03 -5.9149506429450349e-05 -9.9998964777218158e-01 1.6600783490977183e-01 0 0 0 1</transform>
        <rotation_covariance>2.5468442022249784e-08 -3.5666512760512910e-09 -2.1882077010834279e-11 -3.5666512760512902e-09 1.0309080399726791e-08 3.5264669665189054e-11 -2.1882077010834266e-11 3.5264669665189048e-11 3.2582750198422957e-09</rotation_covariance>
        <location_covariance>3.7919098492360072e-07 -1.3888786461830594e-07 3.2444215678385781e-06 -1.3888786461830594e-07 9.1205859575163762e-07 -1.2150373150895829e-05 3.2444215678385781e-06 -1.2150373150895829e-05 8.9044725057358461e-04</location_covariance>
        <orientation>1</orientation>
        <reference x="789278.99535933987" y="3164847.4504794492" z="1190.97" rotation="3.1805546814635160e-15 3.1805546814635168e-15 1.3780000000000004e+02" enabled="true" rotation_enabled="false"/>
      </camera>
      <camera id="27" sensor_id="0" component_id="0" label="DJI_0544">
        <transform>9.9956136052105649e-01 2.9193445808784128e-02 -4.9828982635728835e-03 -9.9840567391954918e-02 2.9188513482380316e-02 -9.9957336281168718e-01 -1.0597348837048659e-03 4.9171089129457837e+00 -5.0117096867671809e-03 9.1382664899997135e-04 -9.9998702375924409e-01 1.8693349553955188e-01 0 0 0 1</transform>
        <rotation_covariance>4.2296738731247362e-08 -3.9638674212710354e-09 -5.2368876433712424e-11 -3.9638674212710354e-09 1.0139850972774443e-08 4.2105572929975860e-11 -5.2368876433712463e-11 4.2105572929975853e-11 3.2656622439176818e-09</rotation_covariance>
        <location_covariance>4.1026008254127280e-07 -1.6994577273900395e-07 4.2437500684928991e-06 -1.6994577273900395e-07 1.2986379451298108e-06 -9.7674863642727846e-06 4.2437500684928991e-06 -9.7674863642727846e-06 8.9764403584583570e-04</location_covariance>
        <orientation>1</orientation>
        <reference x="789268.83706921735" y="3164835.6302551562" z="1190.97" rotation="-7.4663851778182008e-02 6.6523016637778098e-02 1.3830004334408190e+02" enabled="true" rotation_enabled="false"/>
      </camera>
      <camera id="28" sensor_id="0" component_id="0" label="DJI_0545">
        <transform>9.9941282641433538e-01 3.3898382838809464e-02 -4.9901943271629147e-03 -1.2685797909572097e-01 3.3892426294916081e-02 -9.9942467539736701e-01 -1.2734389313449879e-03 5.8877633939005989e+00 -5.0304908660111529e-03 1.1035614082108680e-03 -9.9998673806899319e-01 1.9826280177570482e-01 0 0 0 1</transform>
        <rotation_covariance>6.3798897172237994e-08 -4.2812946601192065e-09 -6.8962453924580329e-11 -4.2812946601192049e-09 1.0142156496901875e-08 3.8184733538520883e-11 -6.8962453924580355e-11 3.8184733538520877e-11 3.2775117328312401e-09</rotation_covariance>
        <location_covariance>4.3999347701331602e-07 -1.9841398748957898e-07 4.3566704397214402e-06 -1.9841398748957898e-07 1.8536320737773369e-06 -8.9867669352938045e-06 4.3566704397214402e-06 -8.9867669352938045e-06 9.0125467553442678e-04</location_covariance>
        <orientation>1</orientation>
        <reference x="789258.80495979451" y="3164823.8941411101" z="1190.8699999999999" rotation="-7.4314516333125288e-02 6.6913041874643489e-02 1.3800004339422247e+02" enabled="true" rotation_enabled="false"/>
      </camera>
      <camera id="29" sensor_id="0" component_id="0" label="DJI_0594">
        <transform>-9.9575562222063652e-01 -9.1809889853937482e-02 -6.4563876124156486e-03 -2.0037759920062035e+00 -9.1887452085603102e-02 9.9568496697516851e-01 1.2966984571389027e-02 6.5576473368037318e+00 5.2380306614100269e-03 1.3505208797590755e-02 -9.9989508068103006e-01 2.2687159156415906e-01 0 0 0 1</transform>
        <rotation_covariance>9.1082953956741975e-08 -2.5913726776621065e-08 1.8818273044833432e-11 -2.5913726776621052e-08 1.8110417267362799e-08 1.0422677912677705e-10 1.8818273044833516e-11 1.0422677912677703e-10 3.3397802522065650e-09</rotation_covariance>
        <location_covariance>8.1509129716030344e-07 -8.8058916401333321e-07 2.2592005504686460e-06 -8.8058916401333321e-07 2.3803826529244343e-06 -9.6937502603537589e-06 2.2592005504686460e-06 -9.6937502603537589e-06 9.0608446138286543e-04</location_covariance>
        <orientation>1</orientation>
        <reference x="789274.05133091309" y="3164796.0118787941" z="1190.8699999999999" rotation="-3.1805546814635168e-15 0 -4.2300000000000011e+01" enabled="true" rotation_enabled="false"/>
      </camera>
      <camera id="30" sensor_id="0" component_id="0" label="DJI_0595">
