<?xml version="1.0" encoding="UTF-8"?>
<document version="1.5.0">
  <chunk label="Chunk 1" enabled="true">
    <sensors next_id="1">
      <sensor id="0" label="FC6310S (8.8mm)" type="frame">
        <resolution width="5472" height="3648"/>
        <property name="pixel_width" value="0.0024122807017543861"/>
        <property name="pixel_height" value="0.0024122807017543861"/>
        <property name="focal_length" value="8.8000000000000007"/>
        <property name="layer_index" value="0"/>
        <bands>
          <band label="Red"/>
          <band label="Green"/>
          <band label="Blue"/>
        </bands>
        <data_type>uint8</data_type>
        <calibration type="frame" class="adjusted">
          <resolution width="5472" height="3648"/>
          <f>3523.8953611013926</f>
          <cx>-13.911512572194574</cx>
          <cy>20.177895378555096</cy>
          <b1>-0.45215750951921185</b1>
          <b2>-0.17899559141158297</b2>
          <k1>0.0060197137736116646</k1>
          <k2>-0.011502995878068677</k2>
          <k3>0.010255635040268661</k3>
          <p1>-0.0012804328593224025</p1>
          <p2>0.0011969224914545179</p2>
        </calibration>
        <covariance>
          <params>f cx cy b1 b2 k1 k2 k3 p1 p2</params>
          <coeffs>8.3780117929799155e+02 2.9401863573544254e+00 1.0429093126844647e+01 -1.8988209576186232e-01 -2.4044463852857598e-01 2.3293364537172270e-03 -1.0889280466392336e-02 1.4576314122360812e-02 -2.9849666379489653e-04 2.9234500312558102e-04 2.9401863573544254e+00 1.6309252159370929e-02 3.6492808145153099e-02 -2.0694016317941545e-03 -7.3847537676414109e-04 8.0917531675835873e-06 -3.8110119585247852e-05 5.1059083269707163e-05 -9.8034847683503498e-07 1.0222785229545534e-06 1.0429093126844647e+01 3.6492808145153099e-02 1.3336004506884741e-01 -2.3709652245930790e-03 -3.8020906006013253e-03 2.9002655811489422e-05 -1.3551356134236894e-04 1.8141625922265622e-04 -3.7207752673610209e-06 3.6835008124099990e-06 -1.8988209576186232e-01 -2.0694016317941545e-03 -2.3709652245930790e-03 4.6053528952681722e-03 -1.6063220892550818e-04 -7.1314934036685615e-07 2.3114732237492453e-06 -3.1520364877572373e-06 5.6487001749992610e-08 -6.2481431759087386e-08 -2.4044463852857598e-01 -7.3847537676414109e-04 -3.8020906006013253e-03 -1.6063220892550818e-04 5.6381446067226212e-03 6.0850579679278921e-08 3.0770295918881062e-06 -4.1381990418555878e-06 8.3661540760969050e-08 -9.3475981485126877e-08 2.3293364537172270e-03 8.0917531675835873e-06 2.9002655811489422e-05 -7.1314934036685615e-07 6.0850579679278921e-08 3.7189904032493474e-08 -3.4862428674924034e-08 4.4870824805547737e-08 -8.4412701441404345e-10 1.0380289553306694e-09 -1.0889280466392336e-02 -3.8110119585247852e-05 -1.3551356134236894e-04 2.3114732237492453e-06 3.0770295918881062e-06 -3.4862428674924034e-08 1.5134231658987135e-07 -1.9760725449969229e-07 3.8836378829305587e-09 -3.8097752009171640e-09 1.4576314122360812e-02 5.1059083269707163e-05 1.8141625922265622e-04 -3.1520364877572373e-06 -4.1381990418555878e-06 4.4870824805547737e-08 -1.9760725449969229e-07 2.6062598257364407e-07 -5.1963364109088293e-09 5.0997759531847288e-09 -2.9849666379489653e-04 -9.8034847683503498e-07 -3.7207752673610209e-06 5.6487001749992610e-08 8.3661540760969050e-08 -8.4412701441404345e-10 3.8836378829305587e-09 -5.1963364109088293e-09 1.1483367027980952e-10 -1.0436522930106644e-10 2.9234500312558102e-04 1.0222785229545534e-06 3.6835008124099990e-06 -6.2481431759087386e-08 -9.3475981485126877e-08 1.0380289553306694e-09 -3.8097752009171640e-09 5.0997759531847288e-09 -1.0436522930106644e-10 1.0906556670041581e-10</coeffs>
        </covariance>
        <meta>
          <property name="Exif/BodySerialNumber" value="67b4921b1d0bcce8bce7933ae5dfcbc6"/>
          <property name="Exif/Make" value="DJI"/>
          <property name="Exif/Model" value="FC6310S"/>
          <property name="Exif/Software" value="v01.08.1719"/>
        </meta>
      </sensor>
    </sensors>
    <components next_id="1" active_id="0">
      <component id="0" label="Component 1">
        <transform>
          <rotation locked="true">3.1537728996545172e-01 7.9532768117891028e-01 5.1767851464458625e-01 -6.8029676844346854e-01 -1.9084812548958116e-01 7.0765337549006713e-01 6.6161429233309432e-01 -5.7535282440228852e-01 4.8086968674775932e-01</rotation>
          <translation locked="true">3.2956245974658709e+06 4.5159286436302168e+06 3.0627108722445839e+06</translation>
          <scale locked="true">1.5546619619155395e+01</scale>
        </transform>
        <region>
          <center>-2.6503309538538358e+00 -5.1047514148014717e-01 -5.0914240775600614e+00</center>
          <size>2.2781318560552482e+01 2.2100012450258362e+01 4.7569610769972357e+00</size>
          <R>-5.7643409222138864e-01 -8.1707047993135640e-01 -1.0934722202530956e-02 8.1708181962300686e-01 -5.7650347812839331e-01 4.5869104440306868e-03 -1.0051734500033178e-02 -6.2905111564104292e-03 9.9992969357996975e-01</R>
        </region>
        <partition>
          <camera_ids>0 1 2 3 4 5 6 7 8 9 10 11 12 13 14 15 16 17 18 19 20 21 22 23 24 25 26 27 28</camera_ids>
        </partition>
      </component>
    </components>
    <cameras next_id="29" next_group_id="0">
      <camera id="0" sensor_id="0" component_id="0" label="DJI_0398">
        <transform>9.9999961425922446e-01 -5.1302237941194709e-04 -7.1294420602805494e-04 -4.4497173490241004e-01 -5.1542352588112368e-04 -9.9999418250762939e-01 -3.3718377016853651e-03 -4.9847151157845966e+00 -7.1121023027986635e-04 3.3722038692466372e-03 -9.9999406119290157e-01 -5.0342575664910745e-02 0 0 0 1</transform>
        <rotation_covariance>1.0660269919692117e-07 -1.9857703156118128e-08 -1.6785832124828530e-10 -1.9857703156118124e-08 4.8751043957504428e-08 -2.0048691890143175e-10 -1.6785832124828530e-10 -2.0048691890143180e-10 9.9638186914983626e-09</rotation_covariance>
        <location_covariance>1.6174099538566743e-06 -5.4553514745997078e-07 -4.5508229446883393e-07 -5.4553514745997078e-07 3.3611170185128721e-06 -1.6876480424432440e-05 -4.5508229446883393e-07 -1.6876480424432440e-05 1.7732447432802602e-03</location_covariance>
        <orientation>1</orientation>
        <reference x="780857.49132239947" y="3197907.9710301901" z="1318.76" rotation="3.1805546814635168e-15 0 1.2630000000000001e+02" enabled="true" rotation_enabled="false"/>
      </camera>
      <camera id="1" sensor_id="0" component_id="0" label="DJI_0399">
        <transform>9.9998642432099039e-01 -5.0741408077916569e-03 -1.1850184734979465e-03 -3.5859861865820858e-01 -5.0792373008677148e-03 -9.9997769083222743e-01 -4.3381086070768682e-03 -3.9964874658162710e+00 -1.1629798628102071e-03 4.3440687043398429e-03 -9.9998988822134127e-01 -7.8139219250796824e-02 0 0 0 1</transform>
        <rotation_covariance>7.0696379388260843e-08 -1.7741804429066658e-08 -2.4186780543813312e-10 -1.7741804429066662e-08 4.9249198629223590e-08 -1.5593328887148434e-10 -2.4186780543813312e-10 -1.5593328887148436e-10 9.9363016903287141e-09</rotation_covariance>
        <location_covariance>1.5404302166464081e-06 -4.9126678136891752e-07 9.7346377243014679e-07 -4.9126678136891752e-07 2.2668242775379387e-06 -1.5512216940479795e-05 9.7346377243014679e-07 -1.5512216940479795e-05 1.7572648868277804e-03</location_covariance>
        <orientation>1</orientation>
        <reference x="780845.22676151968" y="3197898.5779472119" z="1318.96" rotation="-5.8778564292434006e-02 8.0901685246949739e-02 1.2600004149769980e+02" enabled="true" rotation_enabled="false"/>
      </camera>
      <camera id="2" sensor_id="0" component_id="0" label="DJI_0400">
        <transform>9.9999567774763087e-01 -2.6340316758458010e-03 -1.3062783726950143e-03 -2.6798868643247259e-01 -2.6393601162062680e-03 -9.9998813520668350e-01 -4.0942916404114182e-03 -2.9948026138425758e+00 -1.2954783801011143e-03 4.0977216828871343e-03 -9.9999076516374696e-01 -8.1962695708909780e-02 0 0 0 1</transform>
        <rotation_covariance>4.3391104324274634e-08 -1.4315062987124766e-08 -2.0869972100400397e-10 -1.4315062987124765e-08 4.9802573690851678e-08 -1.5519818677017103e-10 -2.0869972100400397e-10 -1.5519818677017103e-10 9.9228676832837847e-09</rotation_covariance>
        <location_covariance>1.4972907232575700e-06 -4.1298990752886114e-07 1.4057932712975620e-06 -4.1298990752886114e-07 1.5177266804697239e-06 -1.8124370291143645e-05 1.4057932712975620e-06 -1.8124370291143645e-05 1.7586721519520581e-03</location_covariance>
        <orientation>1</orientation>
        <reference x="780832.8299631807" y="3197889.2016347391" z="1318.6600000000001" rotation="3.1805546814635168e-15 -3.1805546814635168e-15 1.2609999999999999e+02" enabled="true" rotation_enabled="false"/>
      </camera>
      <camera id="3" sensor_id="0" component_id="0" label="DJI_0401">
        <transform>9.9999019209596596e-01 4.2623551776773978e-03 -1.2033454248605764e-03 -1.8463706097958843e-01 4.2583230277876277e-03 -9.9998537648034325e-01 -3.3336932154131027e-03 -2.0067372149285276e+00 -1.2175372122526079e-03 3.3285362853371359e-03 -9.9999371920494284e-01 -5.1210802468218714e-02 0 0 0 1</transform>
        <rotation_covariance>2.5963692248421215e-08 -1.0236721344021465e-08 -1.2422532944667818e-10 -1.0236721344021462e-08 5.0463456299488582e-08 -1.7071528397351479e-10 -1.2422532944667818e-10 -1.7071528397351473e-10 9.9170000738282557e-09</rotation_covariance>
        <location_covariance>1.4914739247917392e-06 -3.1223870206023114e-07 1.1504943479506757e-06 -3.1223870206023114e-07 1.1000189012400721e-06 -2.2409515265487475e-05 1.1504943479506757e-06 -2.2409515265487475e-05 1.7845715168928252e-03</location_covariance>
        <orientation>1</orientation>
        <reference x="780820.49438612466" y="3197879.7158947368" z="1318.6600000000001" rotation="6.3611093629270335e-15 -3.1805546814635168e-15 1.2649999999999997e+02" enabled="true" rotation_enabled="false"/>
      </camera>
      <camera id="4" sensor_id="0" component_id="0" label="DJI_0402">
        <transform>9.9999314906810755e-01 3.1857449051387139e-03 -1.8848995328954433e-03 -9.8077272095051710e-02 3.1781519725880701e-03 -9.9998687875154957e-01 -4.0176703165289984e-03 -1.0189284250362045e+00 -1.8976740734017784e-03 4.0116522945748412e-03 -9.9999015269100444e-01 -2.7168420415981116e-02 0 0 0 1</transform>
        <rotation_covariance>1.7033136099532663e-08 -5.8375299085246452e-09 -6.3733681705259381e-11 -5.8375299085246461e-09 5.0846960647941346e-08 -1.2995696358684287e-10 -6.3733681705259368e-11 -1.2995696358684289e-10 9.9142602173430051e-09</rotation_covariance>
        <location_covariance>1.5062529335419202e-06 -2.1635287005503923e-07 3.4746022545797886e-06 -2.1635287005503923e-07 8.2920088360224589e-07 -2.1916836988325844e-05 3.4746022545797886e-06 -2.1916836988325844e-05 1.8066280654946156e-03</location_covariance>
        <orientation>1</orientation>
        <reference x="780808.14505366748" y="3197870.2730986951" z="1318.5599999999999" rotation="3.1805546814635168e-15 -3.1805546814635168e-15 1.2640000000000001e+02" enabled="true" rotation_enabled="false"/>
      </camera>
      <camera id="5" sensor_id="0" component_id="0" label="DJI_0403">
        <transform>9.9999866718943053e-01 -8.7962083871787305e-05 -1.6303012099658776e-03 -5.5748605040932724e-03 -9.5011037455731607e-05 -9.9999064635187029e-01 -4.3241394139417466e-03 -2.3443204529132421e-02 -1.6299056003882117e-03 4.3242885472924986e-03 -9.9998932191113610e-01 1.1615039492216164e-03 0 0 0 1</transform>
        <rotation_covariance>1.7179609151521486e-08 -4.1061562437522808e-10 3.3175659522207280e-11 -4.1061562437522808e-10 5.1993785813205671e-08 -9.9112680319330287e-11 3.3175659522207280e-11 -9.9112680319330261e-11 9.9138940788387095e-09</rotation_covariance>
        <location_covariance>1.5414185037529548e-06 -6.1951911846304346e-08 2.4087220389052813e-06 -6.1951911846304346e-08 8.4755368798023075e-07 -2.2650037731625097e-05 2.4087220389052813e-06 -2.2650037731625097e-05 1.8325302909179312e-03</location_covariance>
        <orientation>1</orientation>
        <reference x="780795.80420699879" y="3197860.9625307918" z="1318.76" rotation="3.1805546814635168e-15 3.1805546814635168e-15 1.2620000000000002e+02" enabled="true" rotation_enabled="false"/>
      </camera>
      <camera id="6" sensor_id="0" component_id="0" label="DJI_0404">
        <transform>9.9998953984053474e-01 -4.1337753717069639e-03 -1.9575777614104458e-03 8.7186507046778619e-02 -4.1424651967361635e-03 -9.9998149176857276e-01 -4.4560186705530913e-03 9.6817221027650979e-01 -1.9391213498720029e-03 4.4640812576336453e-03 -9.9998815582331568e-01 -6.9292992511046864e-03 0 0 0 1</transform>
        <rotation_covariance>2.6315212263973804e-08 5.6653577324055620e-09 1.4610365368149400e-10 5.6653577324055611e-09 5.2752223731715496e-08 -8.4039929043956538e-11 1.4610365368149402e-10 -8.4039929043956564e-11 9.9160708508522635e-09</rotation_covariance>
        <location_covariance>1.5828119874531966e-06 8.8742092564219503e-08 3.3509695544843331e-06 8.8742092564219503e-08 1.1303349256626065e-06 -2.3710585852271435e-05 3.3509695544843331e-06 -2.3710585852271435e-05 1.8334476916904649e-03</location_covariance>
        <orientation>1</orientation>
        <reference x="780783.42212865257" y="3197851.5799817042" z="1318.8599999999999" rotation="3.1805546814635160e-15 6.3611093629270335e-15 1.2590000000000003e+02" enabled="true" rotation_enabled="false"/>
      </camera>
      <camera id="7" sensor_id="0" component_id="0" label="DJI_0405">
        <transform>9.9999017871450979e-01 -3.8728057421934499e-03 -2.1549594440130721e-03 1.8048080759756521e-01 -3.8828643847572657e-03 -9.9998149518341439e-01 -4.6832312469465192e-03 1.9594797509515502e+00 -2.1367823220186173e-03 4.6915526668711823e-03 -9.9998671165915110e-01 -2.8670289284352727e-02 0 0 0 1</transform>
        <rotation_covariance>4.4137851041183003e-08 1.2352432025657416e-08 2.6589970554374941e-10 1.2352432025657420e-08 5.3723052017052389e-08 -6.5165306237762376e-11 2.6589970554374946e-10 -6.5165306237762350e-11 9.9186362036965271e-09</rotation_covariance>
        <location_covariance>1.6383057601514126e-06 2.6325861277133201e-07 3.8578741753840837e-06 2.6325861277133201e-07 1.6501549050215545e-06 -2.4356023325095241e-05 3.8578741753840837e-06 -2.4356023325095241e-05 1.8253903690778350e-03</location_covariance>
        <orientation>1</orientation>
        <reference x="780771.05652482901" y="3197842.2821548856" z="1318.8599999999999" rotation="-9.5416640443905503e-15 -3.1805546814635168e-15 1.2600000000000003e+02" enabled="true" rotation_enabled="false"/>
      </camera>
      <camera id="8" sensor_id="0" component_id="0" label="DJI_0406">
        <transform>9.9998433518517826e-01 -5.2727758950848269e-03 -1.8780890864473813e-03 2.6650515603009517e-01 -5.2819257770079482e-03 -9.9997404169940241e-01 -4.9007333581834178e-03 2.9420243586473567e+00 -1.8521998657270585e-03 4.9105765162599790e-03 -9.9998622770212964e-01 -5.1444519615341737e-02 0 0 0 1</transform>
        <rotation_covariance>7.0065911846564282e-08 1.9764358906881992e-08 4.1760467630750808e-10 1.9764358906881992e-08 5.4858422699023465e-08 -3.0755226149867785e-11 4.1760467630750808e-10 -3.0755226149867746e-11 9.9214453723873576e-09</rotation_covariance>
        <location_covariance>1.7037816479838721e-06 4.7242663771867615e-07 2.5910107717327073e-06 4.7242663771867615e-07 2.3943160049981628e-06 -2.5219499459147174e-05 2.5910107717327073e-06 -2.5219499459147174e-05 1.8172247925760103e-03</location_covariance>
        <orientation>1</orientation>
        <reference x="780758.81335527916" y="3197832.9274143833" z="1318.5599999999999" rotation="3.1805546814635168e-15 0 1.2580000000000004e+02" enabled="true" rotation_enabled="false"/>
      </camera>
      <camera id="9" sensor_id="0" component_id="0" label="DJI_0416">
        <transform>-9.9837983908849970e-01 5.6735981754670831e-02 -4.3272711904403204e-03 -1.9727877018148809e+00 5.6713852916880629e-02 9.9837757147241091e-01 5.0757923690326057e-03 3.6221778073955648e+00 4.6082305654542655e-03 4.8221525468152837e-03 -9.9997775528052180e-01 -7.9202289679018240e-02 0 0 0 1</transform>
        <rotation_covariance>1.0630042966758826e-07 -2.2148711867288952e-08 -2.3500098262627253e-10 -2.2148711867288962e-08 4.9409922222487496e-08 6.4759501543742607e-10 -2.3500098262627253e-10 6.4759501543742618e-10 9.9340133157410162e-09</rotation_covariance>
        <location_covariance>1.4961217810540086e-06 -4.8879129895958083e-07 4.2740956445266802e-06 -4.8879129895958083e-07 2.7750707209826306e-06 -1.7136336047290875e-05 4.2740956445266802e-06 -1.7136336047290875e-05 1.7963593509929437e-03</location_covariance>
        <orientation>1</orientation>
        <reference x="780774.40878745122" y="3197799.8907053312" z="1318.5599999999999" rotation="-6.3611093629270320e-15 6.3611093629270335e-15 -5.4399999999999991e+01" enabled="true" rotation_enabled="false"/>
      </camera>
      <camera id="10" sensor_id="0" component_id="0" label="DJI_0417">
        <transform>-9.9787517893215161e-01 6.5068664508619492e-02 -3.3460678699500832e-03 -2.0587295413458877e+00 6.5048495326107625e-02 9.9786513403083599e-01 5.8195825820425151e-03 2.6379950481132126e+00 3.7175969301351448e-03 5.5895603301670538e-03 -9.9997746789034214e-01 -7.7712439728717095e-02 0 0 0 1</transform>
        <rotation_covariance>7.5287714872862251e-08 -1.7312277165514416e-08 -2.5550285509400566e-10 -1.7312277165514419e-08 4.9705602596968374e-08 6.8975788879224932e-10 -2.5550285509400566e-10 6.8975788879224921e-10 9.9272051319125083e-09</rotation_covariance>
        <location_covariance>1.4376214522142565e-06 -4.0590557490372677e-07 9.4363783701957566e-07 -4.0590557490372677e-07 1.9121175753384034e-06 -1.7916608471771137e-05 9.4363783701957566e-07 -1.7916608471771137e-05 1.7892323632860377e-03</location_covariance>
        <orientation>1</orientation>
        <reference x="780786.80127583619" y="3197809.3699994073" z="1318.96" rotation="3.1805546814635160e-15 3.1805546814635168e-15 -5.4499999999999993e+01" enabled="true" rotation_enabled="false"/>
      </camera>
      <camera id="11" sensor_id="0" component_id="0" label="DJI_0418">
        <transform>-9.9768271661150654e-01 6.7943756811413097e-02 -3.5836971182675215e-03 -2.1496260690874704e+00 6.7918304349284350e-02 9.9766770395734350e-01 6.8012068635099621e-03 1.6433736863430641e+00 4.0374384208189413e-03 6.5420479082492905e-03 -9.9997044991347828e-01 -9.6835948057231225e-02 0 0 0 1</transform>
        <rotation_covariance>5.2836758326984358e-08 -1.3385991198965633e-08 -2.1083693167795530e-10 -1.3385991198965631e-08 5.0070786059266541e-08 7.3035176683440140e-10 -2.1083693167795525e-10 7.3035176683440140e-10 9.9240371597016171e-09</rotation_covariance>
        <location_covariance>1.4029249555311751e-06 -3.4704094102720023e-07 1.9338126883702524e-06 -3.4704094102720023e-07 1.2852389486915938e-06 -1.9511059925781175e-05 1.9338126883702524e-06 -1.9511059925781175e-05 1.7684214743923074e-03</location_covariance>
        <orientation>1</orientation>
        <reference x="780799.1489992491" y="3197818.7217616141" z="1318.76" rotation="-1.2722218725854067e-14 0 -5.4399999999999999e+01" enabled="true" rotation_enabled="false"/>
      </camera>
      <camera id="12" sensor_id="0" component_id="0" label="DJI_0419">
        <transform>-9.9754999363811980e-01 6.9846062492872590e-02 -3.9417948740233279e-03 -2.2413083257092898e+00 6.9812117758410661e-02 9.9752664621807219e-01 8.1766924248783401e-03 6.5073538667217512e-01 4.5031551908571296e-03 7.8814744284935179e-03 -9.9995880112840663e-01 -9.2753192645887647e-02 0 0 0 1</transform>
        <rotation_covariance>4.0008401064638205e-08 -9.3900000217168991e-09 -1.7870566962366435e-10 -9.3900000217168958e-09 5.0479135207129538e-08 7.9513195085660025e-10 -1.7870566962366435e-10 7.9513195085660045e-10 9.9252696735878661e-09</rotation_covariance>
        <location_covariance>1.4053623466675299e-06 -2.8072869555052735e-07 3.3538823643092485e-06 -2.8072869555052735e-07 9.5625602531189711e-07 -2.2684788806754857e-05 3.3538823643092485e-06 -2.2684788806754857e-05 1.7643645054514756e-03</location_covariance>
        <orientation>1</orientation>
        <reference x="780811.55005583959" y="3197828.1280809045" z="1318.6600000000001" rotation="-1.2722218725854064e-14 0 -5.4200000000000010e+01" enabled="true" rotation_enabled="false"/>
      </camera>
      <camera id="13" sensor_id="0" component_id="0" label="DJI_0420">
        <transform>-9.9711199060097289e-01 7.5865451166379730e-02 -3.4801607844888883e-03 -2.3347470873534202e+00 7.5834631147370060e-02 9.9708613911648869e-01 8.2667950571551074e-03 -3.4641523222866882e-01 4.0971842168217084e-03 7.9790037659049629e-03 -9.9995977348111198e-01 -8.7415683078205658e-02 0 0 0 1</transform>
        <rotation_covariance>3.3051561595649430e-08 -3.7916597103435710e-09 -9.3440305290588062e-11 -3.7916597103435710e-09 5.0626154753676982e-08 8.0740629193594945e-10 -9.3440305290588062e-11 8.0740629193594945e-10 9.9244468616124787e-09</rotation_covariance>
        <location_covariance>1.4198167596802253e-06 -1.4877493139498880e-07 2.0224859712158009e-06 -1.4877493139498880e-07 7.6223347825691746e-07 -2.1522815333205297e-05 2.0224859712158009e-06 -2.1522815333205297e-05 1.7618017731652943e-03</location_covariance>
        <orientation>1</orientation>
        <reference x="780823.94393252174" y="3197837.5076180892" z="1318.76" rotation="5.8212336094164770e-02 -8.1310062115988152e-02 -5.4399958694602766e+01" enabled="true" rotation_enabled="false"/>
      </camera>
      <camera id="14" sensor_id="0" component_id="0" label="DJI_0421">
        <transform>-9.9692711736621620e-01 7.8233095903135236e-02 -3.9881531184977241e-03 -2.4222953999954533e+00 7.8197989986095368e-02 9.9690323840749073e-01 8.3070822068852107e-03 -1.3389712408850207e+00 4.6256915180617935e-03 7.9696899606109539e-03 -9.9995754260864067e-01 -9.0876161545824091e-02 0 0 0 1</transform>
        <rotation_covariance>3.4915781356423728e-08 9.0187386923994776e-10 1.1522091167408924e-11 9.0187386923994704e-10 5.0938666725503370e-08 8.1994585278527632e-10 1.1522091167408904e-11 8.1994585278527632e-10 9.9248868294502551e-09</rotation_covariance>
        <location_covariance>1.4637434922654488e-06 -3.2998969184287949e-08 3.9196166037134693e-06 -3.2998969184287949e-08 8.1637336222486635e-07 -2.0075591023684596e-05 3.9196166037134693e-06 -2.0075591023684596e-05 1.7537981269558963e-03</location_covariance>
        <orientation>1</orientation>
        <reference x="780836.22106992314" y="3197846.8688049312" z="1318.6600000000001" rotation="3.1805546814635160e-15 9.5416640443905503e-15 -5.4299999999999997e+01" enabled="true" rotation_enabled="false"/>
      </camera>
      <camera id="15" sensor_id="0" component_id="0" label="DJI_0422">
        <transform>-9.9689235485641037e-01 7.8662425470006861e-02 -4.2255943979258590e-03 -2.5117665310172459e+00 7.8625626044456248e-02 9.9686995473285223e-01 8.2646403454345735e-03 -2.3453132393340135e+00 4.8624847513889010e-03 7.9067167710546726e-03 -9.9995691910799089e-01 -9.4472537322426053e-02 0 0 0 1</transform>
        <rotation_covariance>4.6154115135532635e-08 6.0881341390847011e-09 1.2564112095172050e-10 6.0881341390847011e-09 5.1124939223482079e-08 8.2686910519823673e-10 1.2564112095172056e-10 8.2686910519823694e-10 9.9255293448719074e-09</rotation_covariance>
        <location_covariance>1.5267871471298097e-06 1.2129405297604128e-07 4.8194445304914641e-06 1.2129405297604128e-07 1.1304774016385744e-06 -1.8418952132452791e-05 4.8194445304914641e-06 -1.8418952132452791e-05 1.7462614011435733e-03</location_covariance>
        <orientation>1</orientation>
        <reference x="780848.60822404199" y="3197856.3225327237" z="1318.96" rotation="-3.1805546814635160e-15 -3.1805546814635168e-15 -5.4200000000000010e+01" enabled="true" rotation_enabled="false"/>
      </camera>
      <camera id="16" sensor_id="0" component_id="0" label="DJI_0423">
        <transform>-9.9722050632871140e-01 7.4326005622205177e-02 -5.1871616280877312e-03 -2.5989240055789216e+00 7.4279961726247234e-02 9.9720062854681812e-01 8.5670130020859582e-03 -3.3366481757809905e+00 5.8093926924615681e-03 8.1578988764626006e-03 -9.9994984856364977e-01 -1.2530580111757600e-01 0 0 0 1</transform>
        <rotation_covariance>6.6923142079778217e-08 1.0766008752527056e-08 2.8065632690965574e-10 1.0766008752527052e-08 5.1740113789321070e-08 8.6841695026833330e-10 2.8065632690965569e-10 8.6841695026833330e-10 9.9305138728176840e-09</rotation_covariance>
        <location_covariance>1.6167935555679031e-06 2.6950303931637404e-07 8.0182523232008907e-06 2.6950303931637404e-07 1.7090069338502476e-06 -1.7567777111461223e-05 8.0182523232008907e-06 -1.7567777111461223e-05 1.7207658960810609e-03</location_covariance>
        <orientation>1</orientation>
        <reference x="780860.95310252858" y="3197865.7874513119" z="1318.8599999999999" rotation="-1.2722218725854067e-14 0 -5.3899999999999999e+01" enabled="true" rotation_enabled="false"/>
      </camera>
      <camera id="17" sensor_id="0" component_id="0" label="DJI_0424">
        <transform>-9.9700282620149805e-01 7.7192539560955217e-02 -5.1649184268296689e-03 -2.6892662245616461e+00 7.7141156922457738e-02 9.9697490781816533e-01 9.5013204148363447e-03 -4.3220927687243034e+00 5.8827251244804191e-03 9.0744155233820657e-03 -9.9994152255420354e-01 -1.4628649924987824e-01 0 0 0 1</transform>
        <rotation_covariance>9.7795290873082046e-08 1.6119951219428907e-08 4.5932195865498299e-10 1.6119951219428903e-08 5.1854359272036550e-08 9.1621852475835067e-10 4.5932195865498314e-10 9.1621852475835067e-10 9.9408432130340114e-09</rotation_covariance>
        <location_covariance>1.7081931511830110e-06 4.5737521989452810e-07 8.1483829750201039e-06 4.5737521989452810e-07 2.5685990665324822e-06 -1.8635555569430549e-05 8.1483829750201039e-06 -1.8635555569430549e-05 1.7029347476691563e-03</location_covariance>
        <orientation>1</orientation>
        <reference x="780873.23860711255" y="3197875.1233733092" z="1318.76" rotation="0 3.1805546814635168e-15 -5.4000000000000000e+01" enabled="true" rotation_enabled="false"/>
      </camera>
      <camera id="18" sensor_id="0" component_id="0" label="DJI_0425">
        <transform>-9.9681311800518224e-01 7.9606945385957029e-02 -5.1324476718098188e-03 -2.7714375313158852e+00 7.9558447862042511e-02 9.9678914544197295e-01 9.0472594106764601e-03 -5.3048591290406835e+00 5.8361928146072588e-03 8.6100972920556754e-03 -9.9994590107567916e-01 -1.4859353780284781e-01 0 0 0 1</transform>
        <rotation_covariance>1.3605251049734011e-07 2.1740604056362868e-08 6.3694441022574242e-10 2.1740604056362868e-08 5.1863181714871019e-08 9.0215969614974311e-10 6.3694441022574242e-10 9.0215969614974321e-10 9.9581275034257766e-09</rotation_covariance>
        <location_covariance>1.8304494492435789e-06 6.9030698607931957e-07 8.4019857761043911e-06 6.9030698607931957e-07 3.6110646154785394e-06 -1.5051042820209920e-05 8.4019857761043911e-06 -1.5051042820209920e-05 1.6986243845126361e-03</location_covariance>
        <orientation>1</orientation>
        <reference x="780885.51341233682" y="3197884.4568319716" z="1318.46" rotation="5.8495806570957792e-02 -8.1106367809024082e-02 -5.4199958597442532e+01" enabled="true" rotation_enabled="false"/>
      </camera>
      <camera id="19" sensor_id="0" component_id="0" label="DJI_0496">
        <transform>9.9995585997975978e-01 9.2960578466919058e-03 -1.3643315762304569e-03 -5.0893522094622323e+00 9.2924588739115438e-03 -9.9995338932499156e-01 -2.6209512660146394e-03 -5.2947572360279391e+00 -1.3886324983969857e-03 2.6081575821102088e-03 -9.9999563459737728e-01 -1.0458779836833161e-01 0 0 0 1</transform>
        <rotation_covariance>1.1898877268998212e-07 8.0214017546805112e-08 2.9555185113035337e-10 8.0214017546805112e-08 1.1379206429811543e-07 1.0582653006545768e-11 2.9555185113035337e-10 1.0582653006545778e-11 9.9546768782170308e-09</rotation_covariance>
        <location_covariance>3.4526110038801523e-06 1.9990972920308210e-06 1.0815826946143668e-05 1.9990972920308210e-06 3.8171167432418708e-06 -1.7374470175135123e-05 1.0815826946143668e-05 -1.7374470175135123e-05 1.7262943896013206e-03</location_covariance>
        <orientation>1</orientation>
        <reference x="780909.6829755567" y="3197857.6409885925" z="1318.8599999999999" rotation="3.1805546814635160e-15 6.3611093629270335e-15 1.2600000000000003e+02" enabled="true" rotation_enabled="false"/>
      </camera>
      <camera id="20" sensor_id="0" component_id="0" label="DJI_0497">
        <transform>9.9992744357459218e-01 1.2028445302737206e-02 -6.5122191315545317e-04 -4.9938450465913755e+00 1.2026436289307767e-02 -9.9992316237550083e-01 -3.0056904627393383e-03 -4.3001432559921620e+00 -6.8732565813864267e-04 2.9976405017346497e-03 -9.9999527085624862e-01 -1.0625395687206886e-01 0 0 0 1</transform>
        <rotation_covariance>7.9836943686862650e-08 6.0710666575653517e-08 2.5459071610056621e-10 6.0710666575653517e-08 1.1022212599239011e-07 2.9268975310058703e-11 2.5459071610056616e-10 2.9268975310058761e-11 9.9299840440696470e-09</rotation_covariance>
        <location_covariance>3.2335019410682461e-06 1.5207435688046828e-06 7.8218315099133650e-06 1.5207435688046828e-06 2.6969993299143439e-06 -1.8385757859717704e-05 7.8218315099133650e-06 -1.8385757859717704e-05 1.7275993504225875e-03</location_covariance>
        <orientation>1</orientation>
        <reference x="780897.29869179707" y="3197848.231632018" z="1318.8599999999999" rotation="3.1805546814635160e-15 -9.5416640443905503e-15 1.2609999999999999e+02" enabled="true" rotation_enabled="false"/>
      </camera>
      <camera id="21" sensor_id="0" component_id="0" label="DJI_0498">
        <transform>9.9988345654953403e-01 1.5247681058708239e-02 -7.6258828209311300e-04 -4.8968965187244855e+00 1.5243929009275315e-02 -9.9987273385181219e-01 -4.7051809809322553e-03 -3.2925907233281384e+00 -8.3423432934055331e-04 4.6930077812701587e-03 -9.9998863980099728e-01 -1.1199747455922893e-01 0 0 0 1</transform>
        <rotation_covariance>4.9515549628042416e-08 4.1687692587156440e-08 1.7834928278223908e-10 4.1687692587156453e-08 1.0656351967680005e-07 9.0286367414490727e-11 1.7834928278223908e-10 9.0286367414490624e-11 9.9216284015249936e-09</rotation_covariance>
        <location_covariance>3.0583020834273121e-06 1.0455415957363094e-06 7.8655862004037277e-06 1.0455415957363094e-06 1.7413146596163766e-06 -1.4722637484254018e-05 7.8655862004037277e-06 -1.4722637484254018e-05 1.7270994965525093e-03</location_covariance>
        <orientation>1</orientation>
        <reference x="780884.89206490433" y="3197838.8971805279" z="1318.6600000000001" rotation="0 0 1.2620000000000002e+02" enabled="true" rotation_enabled="false"/>
      </camera>
      <camera id="22" sensor_id="0" component_id="0" label="DJI_0499">
        <transform>9.9988969212167333e-01 1.4846857798792037e-02 -4.1761504735064693e-04 -4.8117130614476933e+00 1.4844332172639699e-02 -9.9987462685348416e-01 -5.5114768396682390e-03 -2.3011714486205657e+00 -4.9939080253801787e-04 5.5046696638684778e-03 -9.9998472449368847e-01 -1.1076247636900781e-01 0 0 0 1</transform>
        <rotation_covariance>2.9269124771963708e-08 2.4277185842047261e-08 8.7611559171514449e-11 2.4277185842047257e-08 1.0301038382098508e-07 8.5548635931855768e-11 8.7611559171514424e-11 8.5548635931855871e-11 9.9169444899993790e-09</rotation_covariance>
        <location_covariance>2.9118277841529926e-06 6.1219838971827337e-07 6.3269958943471652e-06 6.1219838971827337e-07 1.1262558382982314e-06 -1.3868703074191644e-05 6.3269958943471652e-06 -1.3868703074191644e-05 1.7321215499674436e-03</location_covariance>
        <orientation>1</orientation>
        <reference x="780872.56318871793" y="3197829.4159870571" z="1318.6600000000001" rotation="0 0 1.2620000000000002e+02" enabled="true" rotation_enabled="false"/>
      </camera>
      <camera id="23" sensor_id="0" component_id="0" label="DJI_0500">
        <transform>9.9991930067281065e-01 1.2684483328872776e-02 -7.0429019380757090e-04 -4.7247316370389543e+00 1.2679849136046924e-02 -9.9990016904925560e-01 -6.2348505320435621e-03 -1.3139105876445019e+00 -7.8330574147964329e-04 6.2254170903950912e-03 -9.9998031511333563e-01 -1.0659842902959926e-01 0 0 0 1</transform>
        <rotation_covariance>1.7937734827756340e-08 7.9477316134147949e-09 -1.8113612683597264e-12 7.9477316134147932e-09 9.9485564025037568e-08 6.4549951962785064e-11 -1.8113612683597329e-12 6.4549951962785155e-11 9.9136107672852801e-09</rotation_covariance>
        <location_covariance>2.8041262192568186e-06 1.8388866874049402e-07 6.9577384081919138e-06 1.8388866874049402e-07 7.6868984512837902e-07 -1.3089285424878925e-05 6.9577384081919138e-06 -1.3089285424878925e-05 1.7398113915816950e-03</location_covariance>
        <orientation>1</orientation>
        <reference x="780860.14551309124" y="3197820.0524562546" z="1318.6600000000001" rotation="-5.8778564292443575e-02 8.0901685246952931e-02 1.2600004149769980e+02" enabled="true" rotation_enabled="false"/>
      </camera>
      <camera id="24" sensor_id="0" component_id="0" label="DJI_0501">
        <transform>9.9989099601564813e-01 1.4741207909378906e-02 -8.3239185944785179e-04 -4.6360970944515962e+00 1.4735487601073764e-02 -9.9987027096783865e-01 -6.5043554530313658e-03 -3.2416836384979775e-01 -9.2816593010718474e-04 6.4913807524472206e-03 -9.9997850001084176e-01 -9.0950176244230380e-02 0 0 0 1</transform>
        <rotation_covariance>1.5537795441275006e-08 -7.6821923506207972e-09 -6.9948575673186000e-11 -7.6821923506207972e-09 9.6212788551450214e-08 2.6408038882189862e-11 -6.9948575673185987e-11 2.6408038882189720e-11 9.9153769697926966e-09</rotation_covariance>
        <location_covariance>2.7285948483635901e-06 -2.2376000422477287e-07 7.2934846131637379e-06 -2.2376000422477287e-07 6.8745880596413467e-07 -1.3680816848855828e-05 7.2934846131637379e-06 -1.3680816848855828e-05 1.7560665155632574e-03</location_covariance>
        <orientation>1</orientation>
        <reference x="780847.77177671832" y="3197810.6478548767" z="1318.76" rotation="3.1805546814635160e-15 3.1805546814635168e-15 1.2609999999999999e+02" enabled="true" rotation_enabled="false"/>
      </camera>
      <camera id="25" sensor_id="0" component_id="0" label="DJI_0502">
        <transform>9.9990275713654819e-01 1.3925100681039818e-02 -7.5355275234294770e-04 -4.5486464141372576e+00 1.3920966330461275e-02 -9.9988937544654188e-01 -5.2386606638286648e-03 6.9161583373956848e-01 -8.2641826808382889e-04 5.2276610589714889e-03 -9.9998599419826806e-01 -8.0576255778807615e-02 0 0 0 1</transform>
        <rotation_covariance>2.2930967629006612e-08 -2.2418673500854749e-08 -6.3551134377580044e-11 -2.2418673500854746e-08 9.2940289493832411e-08 -1.2145597056113074e-10 -6.3551134377580044e-11 -1.2145597056113069e-10 9.9169571782602178e-09</rotation_covariance>
        <location_covariance>2.6615534607606282e-06 -6.3676909424935676e-07 7.0368913209381544e-06 -6.3676909424935676e-07 9.6620189368436106e-07 -1.9601680552537916e-05 7.0368913209381544e-06 -1.9601680552537916e-05 1.7694581798424636e-03</location_covariance>
        <orientation>1</orientation>
        <reference x="780835.02669796092" y="3197800.8936940664" z="1318.6600000000001" rotation="3.1805546814635160e-15 3.1805546814635168e-15 1.2609999999999999e+02" enabled="true" rotation_enabled="false"/>
      </camera>
      <camera id="26" sensor_id="0" component_id="0" label="DJI_0503">
        <transform>9.9989417506810074e-01 1.4499678185623404e-02 -1.1823693994129695e-03 -4.4602637865989037e+00 1.4493295848615717e-02 -9.9988124283777569e-01 -5.2387590734759570e-03 1.6670839990823434e+00 -1.2581893052358115e-03 5.2210682526456498e-03 -9.9998557859899817e-01 -7.1436564564812552e-02 0 0 0 1</transform>
        <rotation_covariance>3.8366754903247139e-08 -3.5756892710426702e-08 -8.8681321017038891e-11 -3.5756892710426702e-08 8.9854726442724526e-08 -1.4212131013339183e-10 -8.8681321017038943e-11 -1.4212131013339189e-10 9.9201621969691797e-09</rotation_covariance>
        <location_covariance>2.6318521295991060e-06 -1.0143797807924454e-06 8.5921845672130890e-06 -1.0143797807924454e-06 1.4120572038596608e-06 -2.1349397329622557e-05 8.5921845672130890e-06 -2.1349397329622557e-05 1.7824422680751942e-03</location_covariance>
        <orientation>1</orientation>
        <reference x="780822.77803299041" y="3197791.6042010775" z="1318.76" rotation="-5.8919674792947359e-02 8.0798974149150424e-02 1.2610004154451279e+02" enabled="true" rotation_enabled="false"/>
      </camera>
      <camera id="27" sensor_id="0" component_id="0" label="DJI_0504">
        <transform>9.9993622429783868e-01 1.1253174854632803e-02 -9.5571579111381822e-04 -4.3742258768078308e+00 1.1249260424953580e-02 -9.9992869684260599e-01 -4.0069153396717645e-03 2.6561655162027078e+00 -1.0007381645053771e-03 3.9959087000059953e-03 -9.9999151558240096e-01 -6.4782650747901099e-02 0 0 0 1</transform>
        <rotation_covariance>6.3414945932162804e-08 -4.7980780867214567e-08 -1.3299641626217537e-11 -4.7980780867214573e-08 8.7183771802859132e-08 -2.5716765538111892e-10 -1.3299641626217551e-11 -2.5716765538111897e-10 9.9322662721895307e-09</rotation_covariance>
        <location_covariance>2.5993662625763693e-06 -1.3644049509777644e-06 7.7558688603251546e-06 -1.3644049509777644e-06 2.2344650968564748e-06 -2.7399957746474193e-05 7.7558688603251546e-06 -2.7399957746474193e-05 1.7943543065079579e-03</location_covariance>
        <orientation>1</orientation>
        <reference x="780810.86343147513" y="3197782.5091990465" z="1318.76" rotation="3.1805546814635160e-15 0 1.2600000000000003e+02" enabled="true" rotation_enabled="false"/>
      </camera>
      <camera id="28" sensor_id="0" component_id="0" label="DJI_0505">
        <transform>9.9992142653298122e-01 1.2485611543808131e-02 -1.1181523261323380e-03 -4.2848569397096465e+00 1.2481967309586501e-02 -9.9991694829114763e-01 -3.2088957914945260e-03 3.6530026198691523e+00 -1.1581244880080571e-03 3.1946869166448733e-03 -9.9999422634491997e-01 -4.5081555614769425e-02 0 0 0 1</transform>
        <rotation_covariance>9.7831502798906433e-08 -5.9659913716748303e-08 5.5016356021524762e-11 -5.9659913716748303e-08 8.4312670374705289e-08 -3.3920623598610697e-10 5.5016356021524762e-11 -3.3920623598610692e-10 9.9540847907814343e-09</rotation_covariance>
        <location_covariance>2.6154810870435221e-06 -1.7190555628478166e-06 8.4571633058562566e-06 -1.7190555628478166e-06 3.3198250370592055e-06 -3.2569681121129034e-05 8.4571633058562566e-06 -3.2569681121129034e-05 1.8161766981210339e-03</location_covariance>
        <orientation>1</orientation>
        <reference x="780798.40913583501" y="3197773.0816259398" z="1318.5599999999999" rotation="-5.8919674792953722e-02 8.0798974149150410e-02 1.2610004154451279e+02" enabled="true" rotation_enabled="false"/>
      </camera>
    </cameras>
    <markers next_id="31" next_group_id="0">
      <marker id="19" label="3">
        <reference x="780755.62581999996" y="3197820.1830699998" z="1291.8420000000001" sxyz="0.050000000000000003" enabled="true"/>
      </marker>
      <marker id="20" label="1">
        <reference x="780803.43822300003" y="3197843.4117259998" z="1292.722" sxyz="0.050000000000000003" enabled="true"/>
      </marker>
      <marker id="21" label="4">
        <reference x="780857.92272200005" y="3197877.0841649999" z="1293.182" sxyz="0.050000000000000003" enabled="true"/>
      </marker>
      <marker id="24" label="2">
        <reference x="780826.55503799999" y="3197799.0393929998" z="1292.5619999999999" sxyz="0.050000000000000003" enabled="true"/>
      </marker>
    </markers>
    <transform>
